netgear_host: 192.168.1.1
netgear_password: secret123
tv_ip: 192.168.0.1
home_latitude: 41.883579
home_longitude: 12.464723
work_latitude: 41.883579
work_longitude: 12.464723
circo_massimo_latitude: 41.883579
circo_massimo_longitude: 12.464723
furio_camillo_latitude: 41.883579
furio_camillo_longitude: 12.464723
garbatella_latitude: 41.883579
garbatella_longitude: 12.464723
fonderia_latitude: 41.883579
fonderia_longitude: 12.464723
printer_host: 192.168.1.1
